10
1.93499233145061860000
11
1.70040155190340500000
12
2.09297433647223440000
13
2.61751147388403100000
14
2.37118886951189370000
15
2.06886952759497110000
16
2.57453145680861570000
17
2.56107514065434480000
18
2.59392200583465420000
19
2.45008240395475950000
20
2.40676887165603940000
21
2.86480723339238310000
22
2.95758076221920920000
23
2.89674410032629480000
24
2.63733803849819730000
25
2.95307762574385760000
26
2.72735027041739550000
27
2.94308335779132020000
28
3.44078812213849570000
29
3.23831964770360200000
30
2.69065230536079270000
31
3.11377686486278640000
32
3.29825380749669870000
33
3.58129735588266170000
34
3.31970471284375980000
35
3.10492476284664320000
36
3.04808220448458920000
37
3.67675361331759820000
38
3.37511641209787120000
39
3.14367880406140770000
40
3.85943148282285930000
41
3.51633428989351990000
42
4.20496343305943300000
43
4.03720588755030630000
44
3.81474811180328070000
45
3.46684406475278140000
46
3.73918219376427310000
47
3.70384395185101890000
48
4.16790236391892140000
49
4.06260088972612630000
50
4.26525259299769030000
51
3.93469701461576000000
52
4.75300140702252790000
53
4.31771661104685210000
54
3.99897655047447960000
55
4.35630682427342460000
56
4.22055062056097090000
57
4.58766024752391030000
58
4.46546547049630860000
59
4.52415830472275090000
60
4.16849753806453190000
61
4.45233363106712950000
62
4.65097191125550770000
63
4.36550410188932410000
64
4.33193256237615820000
65
4.44966123070146490000
66
5.39025913190750930000
67
4.61721693275969700000
68
4.84629606801471890000
69
4.94961890781474790000
70
4.81675645602332740000
71
4.89464838441752550000
72
4.57171798991029550000
73
5.38089112049851700000
74
4.94423377669270270000
75
4.93651616286935370000
76
4.98789069353249830000
77
4.85146285523747170000
78
5.14657823819873970000
79
5.36862560576683820000
80
5.01472778531268040000
81
5.18583049872953250000
82
5.26121817361750210000
83
4.62887589367382370000
84
5.01661282859742650000
85
5.33162187080641290000
86
5.27926971327926790000
87
5.04476973463348700000
88
5.67249412563619870000
89
5.71944554217355350000
90
5.46065888601271790000
91
5.88306236421853330000
92
5.08284113070037510000
93
5.46743837936014110000
94
5.57104122179581560000
95
5.59475084715127840000
96
5.65825828337373160000
97
5.32504278269230280000
98
5.59406386657403680000
99
5.92284905155731420000
100
6.02243821988003790000
101
5.40380425718240790000
102
6.20784930189361810000
103
5.84503366783258200000
104
6.18827287142551800000
105
6.03321758238001320000
106
5.94441863287838590000
107
6.03365057112277810000
108
5.94867757647437930000
109
6.06902577102044920000
110
6.60093349225824880000
111
6.32837206219110550000
112
6.07277479433057720000
113
5.97037278717324590000
114
6.06836791052289030000
115
6.17690663380500200000
116
6.33350452617641760000
117
6.15384919570288070000
118
5.90722195991691820000
119
6.51177866377950210000
120
6.79593519391654070000
121
6.53204054577060320000
122
6.57159221157494850000
123
6.09813679622303530000
124
6.22888432136514950000
125
6.66496070693915140000
126
6.78145148423247070000
127
6.59017098510958820000
128
6.34552515443799870000
129
6.34246378072642520000
130
6.29379596193397540000
131
6.26507868758526150000
132
6.73015997660740070000
133
6.49588069522110080000
134
6.86688020112542660000
135
6.22085513721034470000
136
6.81331868315222340000
137
6.64174156615771240000
138
6.38359568832129650000
139
7.26465851221089930000
140
6.95752387247249260000
141
6.77940758107253760000
142
7.00667191396112620000
143
6.93799706374795560000
144
6.49356619571983900000
145
7.46433757115046510000
146
6.83683321284989990000
147
7.06973131310678400000
148
7.24082041610017680000
149
7.37367926788749810000
150
6.91731239148755340000
151
6.95861385654414820000
152
7.07449930137918330000
153
6.99535212985870380000
154
7.02930735992679170000
155
7.03114972456875980000
156
6.87531313462623570000
157
7.39078506874193500000
158
7.85388141651675300000
159
7.38833862433955260000
160
6.73863261730690330000
161
6.75858392881418270000
162
7.10133853657570760000
163
7.23786897899885510000
164
7.04833365546230620000
165
7.61572499046263830000
166
7.54666269203064830000
167
7.62047260177928810000
168
6.93337252434079510000
169
7.40947254595555100000
170
7.63116031490390420000
171
7.92475210458746120000
172
7.88782449430386730000
173
7.15882664141071250000
174
7.49690849585669830000
175
8.23519924571735730000
176
7.76875550441980600000
177
7.52816282593661160000
178
7.37187245431505200000
179
8.06895966537489430000
180
7.97256084319835350000
181
7.51707947791204220000
182
7.73319925688934080000
183
7.79938600802177980000
184
8.12612933363148220000
185
7.58033316721889430000
186
7.28130436554585800000
187
7.58490600194585870000
188
7.87713275437208970000
189
8.10325429140377370000
190
7.58372787854062480000
191
7.87768431808353320000
192
8.42222365725295320000
193
7.94857137156904250000
194
7.71364597772334640000
195
7.99434051399094780000
196
7.91969996781147860000
197
8.10615667462910320000
198
8.22902783678518370000
199
8.48970040261021630000
200
8.23528680426224110000
201
8.13423782072094600000
202
7.55640361527851390000
203
8.37412747758790130000
204
8.24352452764675720000
205
8.11811144868620180000
206
8.28605141727995330000
207
8.55159486631711910000
208
8.56935973160768150000
209
8.41657043711018640000
210
8.38284447939419760000
211
8.29722061686779710000
212
8.00979622722180730000
213
8.89678229657325130000
214
8.63890922773793510000
215
8.24951716961265900000
216
8.99200927266419470000
217
8.69921068722919700000
218
8.64932416677771880000
219
8.34300266711995240000
220
8.46172386301102360000
221
8.04820190924147210000
222
8.09511227173062590000
223
8.97922273720643990000
224
8.65061530696947760000
225
8.46970810502031850000
226
9.00818127848131490000
227
8.54644464341209260000
228
8.75796218400418700000
229
8.77944375056894800000
230
8.49175924470688590000
231
8.97645919289986160000
232
9.01278616408195890000
233
8.36681744842087840000
234
8.88791152671950970000
235
8.32327491431666110000
236
8.51050711197520470000
237
8.82775386025357460000
238
8.89649751565947610000
239
9.27229849976544070000
240
8.87638153829024650000
241
9.09983953763922850000
242
8.78129394392299820000
243
8.91144580682719050000
244
9.00118400301110990000
245
8.60500575948618260000
246
8.91691044387710900000
247
9.33471715318533240000
248
9.42699021318975740000
249
8.97572654002217800000
250
9.26687367189947510000
251
9.01140694848129090000
252
9.24626654376265480000
253
9.41087304524265810000
254
9.46561548059122690000
255
9.33105932513931610000
256
9.24845960175001910000
257
9.23908528552504650000
258
9.34736027366297680000
259
9.51118173332162260000
260
10.31167416120160700000
261
9.33406839243105150000
262
9.42286285115367230000
263
9.24637599268584690000
264
9.35179183725925610000
265
9.27220907548899120000
266
9.08686946945085690000
267
9.57934120334303960000
268
9.48781238249337910000
269
9.43250416824138860000
270
9.84298324980364110000
271
9.67992322843083030000
272
9.96554449532834850000
273
9.93430295488814070000
274
9.49091788751347390000
275
9.36415152823146180000
276
9.70415315125474540000
277
9.72138404863939170000
278
10.08920581913471900000
279
9.49925846136103050000
280
9.29116373725525160000
281
9.51864784551334610000
282
10.13061839284927300000
283
9.83449880506240780000
284
9.88772313489891270000
285
9.54204372581579820000
286
10.14840100516250000000
287
10.10518397795971000000
288
9.82007340240868310000
289
10.19052992394805200000
290
10.10161025521038300000
291
10.32330519101252100000
292
10.50924256397784600000
293
9.22016749124117930000
294
9.93638611620788300000
295
9.94137476748664460000
296
9.62593929095050880000
297
9.91441661836897480000
298
10.40634963245473100000
299
10.21952582914273900000
300
10.16014139879360200000
301
9.90199204411145570000
302
10.31521687588040600000
303
10.07321500242722400000
304
10.48793993270418300000
305
9.59582078315643900000
306
9.73525558426554130000
307
10.17381824789294800000
308
10.34148870894084700000
309
10.46638215948737600000
310
10.34898610777202800000
311
10.27344667125293400000
312
9.93473100420362170000
313
10.13652923719487100000
314
10.26118428108081900000
315
10.20086684528927800000
316
9.99335246375734340000
317
10.11356280728201900000
318
10.40123748284950100000
319
10.44931374865217500000
320
10.49977298144595000000
321
10.63573129719946800000
322
10.50572267145261800000
323
10.55426149435068500000
324
10.51351450559057800000
325
10.65102674004658000000
326
10.05744105650833700000
327
10.63985563086412600000
328
10.37199908624831000000
329
10.46830503111380200000
330
10.38991305841736000000
331
10.74496828023605100000
332
10.20418027404660700000
333
10.21700537993947400000
334
9.75426441237596540000
335
10.09847193567625300000
336
10.53722580803717100000
337
10.56433843347384800000
338
10.50133198474584300000
339
11.07411480566149300000
340
10.64524607056115900000
341
10.58939382558814100000
342
10.96523623552465000000
343
10.65941812500588200000
344
10.05046980395279700000
345
10.59898683112316900000
346
10.53171920160260900000
347
10.91692129070551200000
348
10.43419586733160600000
349
10.47567511639515900000
350
10.29604959248097800000
351
10.67676522521554400000
352
10.68917718892992300000
353
10.82899948131763800000
354
10.84562476831430400000
355
11.33656628352694500000
356
10.84742017861916400000
357
11.39584969499085100000
358
10.54972521826578100000
359
10.75414583631812000000
360
10.48140380106699300000
361
10.46565546189788500000
362
10.41604603855043900000
363
10.79004039572720300000
364
10.92535132367334000000
365
11.14843738129484800000
366
11.29322237218450900000
367
11.22977774128945700000
368
10.54255131916345600000
369
10.94743468204040200000
370
10.80223811775485600000
371
11.60134697703581400000
372
11.42277303585462700000
373
10.98066321824756400000
374
11.33581709943158700000
375
11.37099433609113000000
376
11.14920308694221200000
377
11.15900989832326600000
378
11.39197072049520400000
379
11.55382945659396700000
380
11.54779210078518800000
381
11.04182325145789000000
382
10.91136472757089800000
383
10.92993244067829800000
384
11.31608367241022300000
385
11.15873517937147100000
386
11.03719289035760600000
387
11.46966437043867700000
388
11.34004273439118800000
389
11.69391502942907700000
390
11.15435587493830000000
391
10.84693682476926000000
392
11.24993495565045400000
393
11.44243842114478400000
394
11.16747148312169800000
395
11.56927843536424300000
396
11.19526092971427300000
397
12.24731427305027500000
398
11.64145716609635900000
399
11.68057755211237100000
400
11.37047436077328300000
401
11.56273659522876300000
402
11.29252221773550200000
403
11.41090889677586300000
404
11.64596060670530900000
405
11.59626777411176100000
406
10.76627121510293400000
407
11.19425404653664700000
408
11.40873549008160200000
409
11.59323043812818300000
410
11.12801216195172500000
411
11.63884994731591300000
412
11.82803599848164400000
413
11.36172198222215900000
414
11.73558333617198800000
415
12.30373459613570100000
416
11.89119415878036000000
417
11.87055036341107300000
418
11.52372566032172300000
419
11.55995340127486800000
420
11.83458773089216200000
421
11.84060083889165700000
422
12.04485541424310700000
423
11.90544165557158800000
424
11.84011797919812600000
425
11.97129174810820700000
426
12.00845351471922300000
427
12.15822557512121600000
428
11.65052933961661600000
429
11.72339467566813900000
430
11.91105526708951200000
431
11.85929783981100300000
432
12.10638327056879900000
433
12.40353099599629900000
434
11.84790044228987000000
435
11.71197354035656200000
436
12.16150415833841300000
437
12.02579226294495400000
438
12.31051502863243000000
439
12.39702551564339200000
440
12.04691754652117400000
441
11.60293816962510500000
442
11.78055368163776800000
443
12.20416262659002300000
444
11.89667741267668400000
445
12.29291836272222000000
446
12.02393991078328600000
447
11.99125229155212000000
448
12.22409580699832300000
449
12.02392644115853500000
450
12.19992541710643300000
451
11.94952183668504400000
452
12.21660488912229200000
453
11.78784256358378500000
454
12.43077818646640700000
455
12.45232134794833100000
456
12.66370196242373100000
457
12.21622572386074200000
458
12.85006186622890400000
459
13.00740244127505500000
460
12.31294238670110800000
461
13.02124193842060200000
462
12.72435410862876600000
463
12.74592881195734000000
464
12.06372076287118700000
465
12.26012583901321300000
466
12.87758317561901000000
467
12.24042572442177800000
468
12.64014661818002900000
469
12.46571930315453800000
470
12.67429868316887500000
471
12.54013795457487900000
472
12.30449940601975600000
473
12.85069535676487200000
474
13.42877060732419500000
475
12.48160860735472400000
476
12.49468191161492900000
477
12.65020478566470000000
478
12.80905618565247100000
479
12.52924191252853000000
480
12.78317949377439300000
481
12.57524663563470600000
482
12.95386463262663100000
483
12.30962928632852100000
484
12.59303572472787100000
485
12.45735599750139100000
486
12.28576795329221300000
487
12.15788893362380400000
488
12.61771801003246700000
489
12.85310677861893500000
490
12.78610803761916200000
491
12.54392220235540400000
492
12.75697070292953100000
493
12.82965950088689900000
494
13.06836464590910700000
495
12.24646102134944800000
496
12.99779150432889600000
497
13.34887856974635900000
498
12.70178184480045000000
499
12.90397784916038400000
500
13.10710448992698400000
501
12.57131230549701500000
502
13.30337275093029500000
503
13.09782802553988500000
504
13.08086209747046000000
505
13.11044542620324900000
506
12.26076478511748900000
507
13.14234909158405500000
508
12.73847634916118900000
509
12.88070117973114400000
510
12.66086950561790500000
511
12.88441997573353800000
512
13.51763149126371900000
513
13.18547460117245000000
514
12.75710093676479000000
515
13.06619735520639100000
516
13.20520111239623500000
517
12.98773045374501400000
518
13.00873127464196900000
519
13.36779684150864800000
520
13.03757211163055800000
521
13.22483991651220100000
522
12.67461999067650800000
523
13.17011198679287200000
524
13.15337774874808800000
525
13.35071945136396500000
526
13.40366906323294300000
527
12.73171141403005200000
528
13.31081522293623500000
529
13.36763665624033400000
530
13.54263614591012800000
531
13.24798313314924600000
532
13.39854254265270900000
533
13.08553075465999300000
534
13.56200603628899300000
535
13.27910743616796600000
536
13.34088652783487600000
537
13.35688519685800900000
538
13.60561321681560200000
539
13.15733702168920500000
540
13.36031088110729700000
541
13.38433010927136700000
542
13.91120299105324200000
543
13.50222745862420100000
544
13.29172469387493800000
545
13.13237046517343700000
546
13.41457917354064500000
547
13.12052086009688000000
548
13.87771719853879100000
549
13.69751233127421300000
550
13.97321552184324400000
551
13.81289069603543900000
552
13.53484126337848200000
553
13.72360228682436300000
554
13.38257244923174800000
555
13.29020810574950500000
556
13.41331813466873200000
557
13.55379359260786600000
558
13.52068007622420300000
559
13.81052393623326900000
560
13.75349192140921400000
561
13.75431201998220300000
562
13.41395054119824700000
563
13.38986042175925600000
564
14.17455372630190700000
565
13.26922822176638500000
566
13.65905470248321100000
567
13.56744538617711100000
568
13.52653195258426100000
569
13.97432377682006600000
570
13.58255020675089300000
571
13.83638988350877100000
572
14.13265051259337700000
573
13.89612056129462800000
574
13.73625379434979400000
575
14.19445134210946200000
576
13.35878592266101700000
577
13.83183415089632200000
578
13.76612989091473700000
579
13.68964269803029200000
580
13.75799335991721000000
581
14.06405845944272800000
582
13.76769433717693600000
583
14.32283228812807400000
584
13.97594126799335300000
585
14.07040621317896600000
586
14.30065597025887300000
587
13.64827889927830300000
588
13.31747286521687100000
589
14.25270261095938700000
590
14.22433476404153100000
591
14.23332462900627400000
592
14.12400084788034200000
593
13.63588873122683000000
594
14.22369275428018700000
595
14.12607386166669700000
596
13.52556267182515300000
597
14.30675679123542000000
598
13.74282407188161600000
599
13.91348671275228500000
600
14.35901670636110500000
601
14.66325764591997100000
602
13.91978637519810900000
603
14.20328561451980000000
604
13.92977989650302100000
605
14.13718783236245200000
606
14.13549666482906300000
607
13.94003490424999300000
608
14.38362169222077500000
609
14.60154208985389700000
610
14.31870209580471000000
611
14.27297441330982700000
612
14.47112200092052700000
613
14.54611338420034800000
614
14.15350733657667300000
615
14.30114823383337700000
616
14.53244201705146900000
617
14.26304125628624500000
618
14.13985618216670700000
619
14.50609636738579800000
620
14.28485197439741200000
621
14.55997093668830700000
622
13.94716621983847700000
623
14.61360383784653500000
624
14.42773626885790300000
625
14.69884442154393500000
626
14.35901707974783800000
627
14.80632495305984600000
628
14.19230463380061200000
629
14.57573765008005800000
630
14.59656915517192200000
631
14.54786741905141400000
632
14.28414789553695200000
633
14.71194127525563600000
634
14.30251527239936000000
635
14.85354067026929100000
636
14.47710577196015800000
637
14.18628216732398800000
638
14.65674015143167700000
639
14.88846844204446800000
640
14.44338119314141800000
641
13.96392663406499700000
642
14.70721239204147700000
643
14.40403184567967700000
644
14.48181313728687400000
645
14.96322779633523200000
646
14.28509111678095400000
647
14.32992958218552600000
648
14.87203023027473800000
649
14.79714994771358900000
650
15.28396409206692600000
651
14.50369042084127000000
652
14.96095594728204000000
653
14.92882645152032900000
654
14.74901391375479800000
655
14.87132511821023700000
656
15.09887205152019300000
657
14.59234348084121000000
658
15.16621014407440200000
659
14.68542576406284500000
660
14.75578608801349900000
661
14.91160071151229300000
662
14.91231377443849100000
663
14.62764105173976500000
664
15.07489641200145100000
665
15.30300356277222400000
666
15.02289092887022700000
667
14.78321870403762400000
668
15.00167938064832600000
669
15.01570332340411100000
670
14.93106624189586500000
671
14.94012968875578400000
672
14.67020948568182900000
673
15.68037963443844000000
674
15.03581817499231300000
675
15.03038932386171600000
676
14.74265476467132500000
677
15.30805301097649400000
678
14.56136372046486500000
679
14.89140989058878100000
680
15.11771526781102900000
681
15.05084391667758800000
682
14.95056942289891000000
683
14.61081691417421900000
684
14.96132903146811400000
685
14.46307525754188500000
686
14.67155522632636500000
687
15.47221699484404100000
688
15.55218802919715100000
689
14.29831600293924200000
690
15.14734689858608100000
691
15.07595827280687000000
692
15.10099994385722500000
693
14.85310713187939900000
694
15.22874092701379000000
695
15.15157379436094200000
696
15.36183947656139800000
697
15.63881770099767200000
698
15.89560782080508400000
699
14.92768078048291800000
700
14.96224275197127100000
701
15.68132490870221900000
702
15.61380070461304300000
703
15.57451528247966800000
704
15.23508207641794800000
705
15.18922417500576700000
706
15.44788882189455500000
707
15.72214741161055200000
708
15.54498918699887600000
709
15.20894702408044800000
710
15.41893242299071100000
711
15.06176749233407000000
712
15.57469414108169500000
713
15.34368887408502500000
714
15.30338995812106800000
715
15.25114500067586200000
716
15.66700596132278500000
717
15.16045427048333700000
718
15.08703528567238900000
719
15.84756013883445100000
720
15.65380860405259300000
721
16.05618813944770200000
722
15.88284425687776600000
723
15.28242449569515100000
724
15.74647767696152700000
725
15.73040694779130000000
726
15.94400014218147600000
727
15.44415314802143700000
728
15.22896583764935300000
729
15.52658599171905100000
730
15.25188119207265400000
731
15.61564345187996700000
732
15.11555854395565700000
733
15.80635351243224600000
734
15.15285088968704800000
735
15.64278562546803500000
736
15.24843816906948700000
737
15.95809120987281600000
738
16.28139611753617900000
739
15.93480660478959400000
740
15.56983865448616700000
741
16.11928172746697600000
742
15.75851259979202200000
743
16.24951969521202600000
744
15.86431942009328100000
745
15.79482840074128400000
746
15.92600936780163700000
747
15.90409575913899200000
748
15.35043576671252200000
749
15.67605625350661200000
750
15.92696400008877900000
751
15.83014892979528000000
752
15.60269139780927400000
753
15.55457368090443800000
754
15.76420932317441400000
755
16.25438413453181100000
756
15.40993685999102100000
757
16.08832259617587100000
758
16.01586834029198100000
759
15.81720605510165700000
760
15.79770209841348500000
761
15.71685481829477900000
762
15.76963801253264600000
763
15.99941758261060600000
764
15.69086780140769300000
765
15.58857343319404400000
766
16.15982570166746500000
767
16.15462452051526700000
768
15.92388083495466400000
769
16.46798221840066400000
770
16.39559956246584300000
771
16.08697873237011300000
772
15.53836140115846300000
773
16.25105075564977900000
774
16.35415524464369200000
775
16.09316409841996900000
776
16.03790014920289800000
777
16.24541233582602800000
778
16.23732072532865100000
779
16.29566830862534100000
780
16.13035560567741900000
781
16.08226716250468500000
782
16.43655278043706100000
783
15.99910782286612400000
784
16.17451980113543900000
785
16.25992923321762600000
786
15.82182404002055700000
787
16.17808548228877900000
788
15.95209338039081700000
789
15.87665879564845100000
790
16.18419218449572100000
791
16.23900084688419900000
792
15.98770613183545600000
793
16.31529667465610300000
794
16.48981966254700300000
795
16.52892840568742700000
796
16.37332174666354900000
797
16.09666728909772000000
798
16.63888663081413100000
799
15.94274376555632400000
800
16.49840979271586500000
801
16.34299418414746400000
802
16.64785872208780400000
803
16.17958911792941000000
804
16.44923180022069800000
805
16.37731316182834000000
806
16.41142405872566500000
807
16.13263535515428500000
808
16.27193248121627200000
809
16.47534507544675700000
810
16.75313613156710700000
811
16.73741112229038600000
812
16.74723384765465900000
813
16.01489877502047700000
814
16.29238434064718900000
815
15.93451732316780100000
816
16.63202690245871200000
817
16.81316322285922000000
818
16.13825699565725100000
819
16.82796828737290400000
820
16.18045971013093600000
821
16.55286690748002000000
822
16.44691729268284100000
823
16.76267134952261300000
824
16.36101833315752400000
825
16.49432943019096200000
826
16.99317738528154100000
827
16.75802700953016000000
828
16.38270273237566600000
829
16.11987363360050600000
830
16.55067316677505600000
831
16.56847754445686500000
832
16.45279578619111000000
833
16.89549566100336300000
834
16.91132310219471100000
835
16.88832836109422800000
836
16.56194138079608200000
837
16.84220900074011600000
838
16.80179584999699600000
839
16.57152155935416000000
840
16.74129388523612500000
841
16.97629307712550100000
842
16.70853732549569800000
843
16.67920969575217800000
844
17.44337024321595600000
845
16.75084892075705800000
846
16.84079763471266800000
847
15.96612674337439800000
848
17.19560481780388300000
849
17.03258235004112500000
850
16.72356754982134300000
851
16.91601656221585900000
852
16.56542883373831600000
853
16.47219427239202400000
854
16.93925497670561200000
855
16.82535527475529600000
856
16.89756452834656700000
857
17.38738820532914900000
858
16.88879163090176400000
859
17.49690533782909800000
860
17.12294362304956200000
861
16.95717485179979500000
862
16.94890471699948600000
863
16.85973272142497600000
864
16.73314133783597800000
865
16.69857368210978500000
866
16.70927034208885300000
867
17.03437962250717400000
868
17.17300614981527600000
869
16.96046925421601200000
870
16.35925808013175200000
871
17.08875032807462800000
872
17.10922819274356900000
873
17.02919016634479400000
874
17.01131733104379900000
875
16.87235840358517800000
876
17.31249219741582800000
877
17.28886108698124600000
878
17.31711715192461300000
879
17.22076967589771000000
880
16.94225440194010100000
881
16.83530891019265100000
882
17.29087543988340800000
883
17.21445423874882200000
884
17.35225082829309800000
885
16.96284590480242500000
886
16.89722215509365500000
887
17.60560485326687900000
888
17.20078254490955100000
889
17.29761868730236400000
890
16.97268124453497500000
891
17.31614138642381900000
892
17.17199462394383500000
893
17.55828988518533500000
894
17.02444979745260400000
895
17.46922069478057800000
896
17.15558828915917600000
897
17.67065918956251000000
898
17.24444798321138000000
899
17.08678349686983800000
900
17.37138195692859800000
901
17.12883686700142500000
902
17.28694492253011500000
903
17.41213213754848600000
904
17.53071733813451500000
905
17.53361990762138200000
906
17.44502147221160000000
907
17.63087499057572700000
908
17.64120551190325900000
909
17.19244923212708200000
910
17.76465160925399500000
911
17.50015640696509700000
912
17.40139723871691800000
913
17.38971584678386500000
914
17.34716672368115600000
915
17.73411517977065800000
916
17.49023036537327200000
917
17.39921208269837600000
918
17.64281510224342500000
919
16.95296505235856100000
920
17.23394275557582800000
921
17.34503728508467200000
922
17.64907248957101200000
923
17.44222577319575900000
924
17.30533652443811800000
925
17.64103160525168700000
926
17.36120277932338900000
927
17.39781744356996300000
928
17.34462336641360400000
929
17.82375623832759400000
930
17.30384075060088700000
931
17.63054596459329900000
932
17.93011047206073300000
933
17.72499811338511200000
934
17.18358744983475400000
935
17.62714238899659600000
936
17.42749219524573700000
937
17.43093295102838900000
938
17.70581617142247000000
939
17.64442504460603800000
940
17.68052405975550900000
941
17.77095620019032700000
942
17.84039107616056800000
943
17.85987083549864400000
944
17.53556083364819100000
945
17.63899119480846900000
946
17.71774551199385100000
947
17.99276906061020400000
948
17.67678743546988300000
949
17.46914686415665600000
950
17.74988516506735100000
951
17.69157723270574300000
952
17.30415826229596400000
953
17.77427809411338800000
954
17.85162902216832800000
955
17.93903151423356900000
956
17.59817677133116100000
957
17.69035147514396700000
958
17.55516852383032100000
959
18.08275520350718000000
960
17.56009315064888600000
961
18.02428382219935800000
962
17.82675616623558000000
963
17.89030645318283100000
964
17.85750831654409500000
965
17.55235436971901600000
966
17.87457146659046700000
967
17.75142236156043700000
968
18.04269307996473200000
969
17.58543686620322800000
970
17.88510345512104700000
971
18.35263846988334900000
972
17.92867593797049600000
973
17.94299611250764000000
974
18.11221013656881600000
975
17.72531733768687400000
976
17.75206561427300800000
977
17.96968623996236800000
978
17.98221847750905100000
979
18.23007332815543400000
980
17.56743058159136000000
981
17.79161796995644500000
982
18.25410359933233200000
983
18.23401790626269700000
984
17.84705860207631600000
985
18.11311903188081700000
986
18.19907874417815900000
987
18.37532287554564900000
988
18.42592241648537400000
989
17.74675737716929200000
990
18.37688715882434200000
991
17.92362178000843900000
992
18.28973206193430900000
993
17.85143100901286700000
994
18.13022206275379800000
995
17.78696947008309000000
996
18.36981228240773900000
997
17.72239959839744500000
998
18.65798515899376800000
999
17.82708686248745500000
1000
18.24410987781753900000
