10 0.11475218858287133950 
11 0.13058362871786241555 
12 0.21218091503146999099 
13 0.00000000000000000000 
14 0.18728546492438527538 
15 0.00000000000000000000 
16 0.00000000000000000000 
17 0.00000000000000000000 
18 0.17120376358701144826 
19 0.00000000000000000000 
20 0.00000000000000000000 
21 0.15501538975248638219 
22 0.30030571981191944708 
23 0.15330633099418047860 
24 0.00000000000000000000 
25 0.15038182741241007401 
26 0.00000000000000000000 
27 0.00000000000000000000 
28 0.25813226161339752895 
29 0.27427138649822946359 
30 0.16504890244096931395 
31 0.14262075579703814565 
32 0.13464373446357555397 
33 0.24800465625709572359 
34 0.00000000000000000000 
35 0.14302736580416028356 
36 0.14569463028151996564 
37 0.12078296686553145756 
38 0.26315489934406743888 
39 0.00000000000000000000 
40 0.11506596549946979113 
41 0.12629322846989909923 
42 0.21122143719901684267 
43 0.43999659390126077962 
44 0.11641377014539915080 
45 0.12809610168657251106 
46 0.00000000000000000000 
47 0.23979909284683884052 
48 0.00000000000000000000 
49 0.21862310470768397952 
50 0.00000000000000000000 
51 0.11286490629404402619 
52 0.18686685393945973166 
53 0.00000000000000000000 
54 0.00000000000000000000 
55 0.20388334787420803185 
56 0.21044136169656307844 
57 0.19360161210270529497 
58 0.00000000000000000000 
59 0.00000000000000000000 
60 0.21306919617673891754 
61 0.39897208668401074050 
62 0.19096619731258823727 
63 0.40690760973777789777 
64 0.20503052780972663705 
65 0.00000000000000000000 
66 0.32954943276940978913 
67 0.19236228936925070521 
68 0.36653906704629640734 
69 0.00000000000000000000 
70 0.18439346639364817548 
71 0.18145908550401834702 
72 0.19427672959275260611 
73 0.16506158549029312232 
74 0.00000000000000000000 
75 0.17992008744561083233 
76 0.00000000000000000000 
77 0.18307435225259502398 
78 0.00000000000000000000 
79 0.16543869603163743887 
80 0.17711398459183660958 
81 0.17127023722000142558 
82 0.00000000000000000000 
83 0.38375555538828659552 
84 0.53114229663311296470 
85 0.33317382260861183596 
86 0.50471663768155461405 
87 0.17605925868183416871 
88 0.15657634896193242668 
89 0.31058200070302321993 
90 0.16265041238433006199 
91 0.15097212382145211440 
92 0.34948108621201057211 
93 0.00000000000000000000 
94 0.15942772353312842371 
95 0.15875209530597159113 
96 0.00000000000000000000 
97 0.16679272936302466657 
98 0.00000000000000000000 
99 0.29991593976773517349 
100 0.00000000000000000000 
101 0.16436169361975175307 
102 0.00000000000000000000 
103 0.15195437189491398100 
104 0.00000000000000000000 
105 0.00000000000000000000 
106 0.14941384087379705470 
107 0.14720415264864231131 
108 0.29861373667742968641 
109 0.14634612756814616152 
110 0.00000000000000000000 
111 0.42104592348791525236 
112 0.14625578088772711594 
113 0.29752863057673323288 
114 0.58544797072041288022 
115 0.14379016429345042871 
116 0.00000000000000000000 
117 0.14432892185923631989 
118 0.00000000000000000000 
119 0.27279134183120934409 
120 0.26138519404810933722 
121 0.13597258214742821703 
122 0.27030844005680154662 
123 0.00000000000000000000 
124 0.14259028966931722171 
125 0.00000000000000000000 
126 0.26194345613626385250 
127 0.40431959430504299524 
128 0.13996925362102488610 
129 0.00000000000000000000 
130 0.14111967166905156623 
131 0.28353304531038686642 
132 0.26393976451889511470 
133 0.00000000000000000000 
134 0.12934234960944271386 
135 0.14277432926985283990 
136 0.13035914816319787990 
137 0.13372673580461841292 
138 0.27826900795895831431 
139 0.00000000000000000000 
140 0.12765725795267640619 
141 0.13101121433970649988 
142 0.12676181082924511956 
143 0.25603309183884970235 
144 0.54711287630242888547 
145 0.00000000000000000000 
146 0.12991079232864488624 
147 0.00000000000000000000 
148 0.12266267752273406211 
149 0.12045254308363503859 
150 0.12839935070636937509 
151 0.25527452392399913039 
152 0.12554647076252781202 
153 0.12696693507522763267 
154 0.25270723677940726271 
155 0.00000000000000000000 
156 0.12918370440860066362 
157 0.24034751692523828592 
158 0.45235132673751954346 
159 0.24042710137139111648 
160 0.26360790686793239557 
161 0.13141486871436383610 
162 0.00000000000000000000 
163 0.12271269655159998402 
164 0.12601253900796910434 
165 0.11662427684986167997 
166 0.23538309738900886625 
167 0.11655161905480063145 
168 0.00000000000000000000 
169 0.00000000000000000000 
170 0.11638838434117072806 
171 0.11207649248561080135 
172 0.00000000000000000000 
173 0.12406759713420038860 
174 0.00000000000000000000 
175 0.00000000000000000000 
176 0.22865397661049363665 
177 0.35394229916498520794 
178 0.24096413094619900663 
179 0.44029389489276105074 
180 0.00000000000000000000 
181 0.23630943967266046513 
182 0.00000000000000000000 
183 0.56938996145762010848 
184 0.21859815005016844380 
185 0.11716878402403832493 
186 0.00000000000000000000 
187 0.00000000000000000000 
188 0.22550804903145865721 
189 0.00000000000000000000 
190 0.11711633564982841527 
191 0.22549225986658963383 
192 0.42182609051720171278 
193 0.11174063591817497143 
194 0.46057515331408416248 
195 0.22220179842120021951 
196 0.11214798834678119110 
197 0.21913675132383594879 
198 0.00000000000000000000 
199 0.00000000000000000000 
200 0.00000000000000000000 
201 0.43676048784194770880 
202 0.35261949926984770265 
203 0.42424881736142761035 
204 0.43097023207556101054 
205 0.65644214813818302368 
206 0.42875834337590218448 
207 0.20772228656398761260 
208 0.00000000000000000000 
209 0.42210942156866410047 
210 0.21190382855923170502 
211 0.42818117570334651711 
212 0.00000000000000000000 
213 0.00000000000000000000 
214 0.00000000000000000000 
215 0.00000000000000000000 
216 0.00000000000000000000 
217 0.20419747299694851472 
218 0.20537521835790167879 
219 0.42583154057973160445 
220 0.20992848125962720873 
221 0.44142949181245577650 
222 0.21943572612372053143 
223 0.19782968875910741935 
224 0.20534456525527222670 
225 0.20973058544335623776 
226 0.19719372695613926472 
227 0.20784746330388165214 
228 0.40565528877131806773 
229 0.00000000000000000000 
230 0.41837192699675190832 
231 0.19789059374383394241 
232 0.00000000000000000000 
233 0.21230974027472221399 
234 0.19986211992097716039 
235 0.42684084274202771514 
236 0.20872514599050440154 
237 0.20122410156882475363 
238 0.39933846691319457856 
239 0.00000000000000000000 
240 0.60036519331808979594 
241 0.19520749042362683934 
242 0.40457746904818253642 
243 0.19933430308686350685 
244 0.00000000000000000000 
245 0.20643296344595576941 
246 0.19921214310501511591 
247 0.19029573261296886533 
248 0.00000000000000000000 
249 0.19790674676635833240 
250 0.38337780405635790704 
251 0.00000000000000000000 
252 0.19211611854284529888 
253 0.37751159342187184942 
254 0.37532833296315087912 
255 0.19037032961675326437 
256 0.38414112531001898265 
257 0.38453088904445614782 
258 0.00000000000000000000 
259 0.56029531004867716426 
260 0.34453315952979146619 
261 0.00000000000000000000 
262 0.18851562072589916896 
263 0.19211384447327262137 
264 0.56984486084995522592 
265 0.19157860062668727319 
266 0.19548611822500411295 
267 0.18543622172893581279 
268 0.18722512290377177346 
269 0.18832293182346268590 
270 0.54140806531465524021 
271 0.18350939335788588047 
272 0.35649970560724925095 
273 0.17881041553360321750 
274 0.18716386133076517995 
275 0.56909272582085357328 
276 0.54915358765867228197 
277 0.36545348491789486634 
278 0.17606508096319087309 
279 0.56099858108684597102 
280 0.19118776610054802334 
281 0.18661861098659551783 
282 0.52603605343206771838 
283 0.18062505010279253370 
284 0.17965276891001977222 
285 0.55848313750471145767 
286 0.35007620185615756503 
287 0.00000000000000000000 
288 0.18089038305605159573 
289 0.17431447163760921404 
290 0.17584887899273390910 
291 0.00000000000000000000 
292 0.00000000000000000000 
293 0.19265993172984377524 
294 0.53631878389952625241 
295 0.17868321846288723331 
296 0.18453854587159407297 
297 0.00000000000000000000 
298 0.00000000000000000000 
299 0.17381988842717754906 
300 0.34967167673693450025 
301 0.00000000000000000000 
302 0.00000000000000000000 
303 0.70537830830463710274 
304 0.16937137805882138131 
305 0.55535327708025505888 
306 0.18246637944167182210 
307 0.00000000000000000000 
308 0.34353986923845541979 
309 0.00000000000000000000 
310 0.34329098926245849022 
311 0.17290758362243086044 
312 0.00000000000000000000 
313 0.00000000000000000000 
314 0.17311421281804964534 
315 0.00000000000000000000 
316 0.17775384645368230707 
317 0.17564105481415792642 
318 0.68313288388204540524 
319 0.33999492830414368427 
320 0.33836099933574431686 
321 0.00000000000000000000 
322 0.16908468793176653633 
323 0.00000000000000000000 
324 1.01375624970451405638 
325 0.33355598155084176248 
326 0.17662115337486766764 
327 0.16695309607842698241 
328 0.17126465444404337379 
329 0.50906717967825143578 
330 0.34193873026899690437 
331 0.16531987746000365025 
332 0.17408128744238771102 
333 0.17386276833014391308 
334 0.18211079424363904589 
335 0.35180705570407583282 
336 0.33715835111844150163 
337 0.50443958717899595179 
338 0.33831076704946999589 
339 0.16040621490506051794 
340 0.00000000000000000000 
341 0.00000000000000000000 
342 0.16199895754596638220 
343 0.00000000000000000000 
344 0.35348732428440665654 
345 0.00000000000000000000 
346 0.67466927493848927178 
347 0.16271591523817358071 
348 0.34048753962187738864 
349 0.33913935276975665234 
350 0.34505599908871703585 
351 0.33275187791991361896 
352 0.49854824407997666569 
353 0.00000000000000000000 
354 0.16378557043480893030 
355 0.15669266998257283530 
356 0.16375846147285266774 
357 0.31175504888960842154 
358 0.00000000000000000000 
359 0.16517879396811482873 
360 0.16947699689038028814 
361 0.84866009867580716186 
362 0.00000000000000000000 
363 0.16462930389988883473 
364 0.81295181581538344950 
365 0.00000000000000000000 
366 0.47188219115620960720 
367 0.47454817370132912346 
368 0.16849401872688277160 
369 0.16226238301420670140 
370 0.16444340700845883063 
371 0.45934929183217526605 
372 0.00000000000000000000 
373 0.16177136153746318747 
374 0.47010907740104279640 
375 0.00000000000000000000 
376 0.15932590208897481898 
377 0.31837176516299392492 
378 0.00000000000000000000 
379 0.15374615369508098928 
380 0.00000000000000000000 
381 0.48262595740220148866 
382 0.32559755516406529985 
383 0.32504443170922514561 
384 0.31395258126823361033 
385 0.47756940482397164383 
386 0.32188562020187666546 
387 0.30974870441345109251 
388 0.46993390086962966157 
389 0.15190437376446169759 
390 0.31850460202572217216 
391 0.16376575876646518037 
392 0.15789929865399332520 
393 0.62097143074597549450 
394 0.47719580267162614584 
395 0.15354084952873073289 
396 0.15867042765260380710 
397 0.29008104140987905906 
398 0.45776662166663323328 
399 0.45623347770479200092 
400 0.00000000000000000000 
401 0.15362771821103707315 
402 0.47191144860721784271 
403 0.15567180979791697681 
404 0.15252986845735083676 
405 0.45955048831294681433 
406 0.65997105363958297186 
407 0.15868469949097063765 
408 0.77850732929366184276 
409 0.15322362898593924752 
410 0.15962930427717086923 
411 0.00000000000000000000 
412 0.15018189322625324911 
413 0.15634574074068530170 
414 0.00000000000000000000 
415 0.14437541914778950769 
416 0.14938422631747230729 
417 0.00000000000000000000 
418 0.30829557935704221538 
419 0.30732941176118366844 
420 0.00000000000000000000 
421 0.60009010136229734567 
422 0.14747846929733157695 
423 0.14920545501719700843 
424 0.90017186105127955376 
425 0.89030835273777286787 
426 0.59170211625432045377 
427 0.29220659354028144516 
428 0.30494010831935369765 
429 0.15152239505226863803 
430 0.00000000000000000000 
431 0.00000000000000000000 
432 0.14672894453281185023 
433 0.14321380258360591475 
434 0.14993009504534035581 
435 0.15167015475909026434 
436 0.29212781844625845817 
437 0.44313675154868598094 
438 0.57718359801152396837 
439 0.71644477828924513219 
440 0.44235967396818792752 
441 0.15309543267674283196 
442 0.00000000000000000000 
443 0.00000000000000000000 
444 0.14931537418232646020 
445 0.14450245149166374148 
446 0.44320501913200244237 
447 0.14813772541936259808 
448 0.72658005444594242483 
449 0.14773517187527757111 
450 0.29120781950182844655 
451 0.14865505613344573432 
452 0.43621534514435972296 
453 0.30138794776373312168 
454 0.28579978063387850851 
455 0.14265266609851232071 
456 0.00000000000000000000 
457 0.14540962810884125456 
458 1.24413498713325854084 
459 0.13656507111393123566 
460 0.28853490637929846141 
461 0.81851954573960261641 
462 0.27920581653659715116 
463 0.13936660604394685015 
464 0.44174352365666164077 
465 0.57955582600878874366 
466 0.00000000000000000000 
467 0.29024429041811983243 
468 0.00000000000000000000 
469 0.28499869060114813024 
470 0.42046275312081876629 
471 0.28330738399129035132 
472 0.28873289043050365255 
473 0.41469121866587677072 
474 0.39683979077684278236 
475 0.85390764697759036217 
476 0.85301419530286670678 
477 0.56168476937645439584 
478 0.41603928040926885235 
479 0.14177688097984558757 
480 0.13896048633795399230 
481 0.42377463222865657810 
482 0.54851795654130208746 
483 0.28861256469731871865 
484 0.56423467009219097079 
485 0.99816509043297496628 
486 0.00000000000000000000 
487 0.14610734224488311495 
488 0.28156546817544231276 
489 0.69102236136216033113 
490 0.00000000000000000000 
491 0.14161095793998937364 
492 0.13924597624045059741 
493 0.55382821010252125671 
494 0.40778403898218085200 
495 0.14505062616077404880 
496 0.40999815364217173652 
497 0.26614323145108992330 
498 0.13985099579768114908 
499 0.13765963179453469256 
500 0.00000000000000000000 
501 0.28260483810007780425 
502 0.93468762460498633349 
503 0.27124448968737002730 
504 0.67899073706455415067 
505 0.13549172294710346010 
506 0.43464421768121236367 
507 0.27032562094059325863 
508 0.13944814047695908155 
509 0.27581679205406850475 
510 0.00000000000000000000 
511 0.00000000000000000000 
512 0.13141036138973666292 
513 0.13472073574373250038 
514 0.27848910943096077952 
515 0.54380223751708067770 
516 0.13451948397307747496 
517 0.00000000000000000000 
518 0.13655112108149375372 
519 0.53153316450305276852 
520 0.00000000000000000000 
521 0.67159861692629452268 
522 0.70075349032434319785 
523 0.13487788419579116450 
524 0.40514844323603216303 
525 0.26610653393945293832 
526 0.13252765575008876309 
527 0.27904447118440739439 
528 0.26690428942914934396 
529 0.26576976694994247641 
530 0.13116772984680014069 
531 0.00000000000000000000 
532 0.53031345274918517685 
533 0.54299878933612422127 
534 0.78588233981629374014 
535 0.66885400541381034856 
536 1.06521067288534476702 
537 0.39897554255046907556 
538 0.00000000000000000000 
539 0.13500884232668172724 
540 0.13295774740632579358 
541 0.39815743296030070564 
542 0.25538507928360831833 
543 0.78936168636337822324 
544 0.13364381826376731111 
545 0.67632756938706606320 
546 0.13241987068099719815 
547 0.81232606159835130111 
548 1.02400521007145917096 
549 0.00000000000000000000 
550 0.25425169126224522742 
551 0.90020967728143252984 
552 0.26248654193035536597 
553 0.12943808792139649411 
554 0.92915602907986405423 
555 0.00000000000000000000 
556 0.39729695998389591427 
557 0.91741827045259438655 
558 0.26276146309000114609 
559 0.38587026406865071460 
560 0.12915678793071491692 
561 0.38744726093596676408 
562 0.13242607641533549190 
563 1.19397895504736850647 
564 0.00000000000000000000 
565 0.93709277344439811941 
566 1.04039811134356607880 
567 0.65463939188214947951 
568 0.78794336003954501546 
569 0.63557881861403064949 
570 0.52312910679096302768 
571 0.38514891261862549410 
572 0.12569169794564488685 
573 1.02264906615620687624 
574 0.38795661451689128496 
575 1.12630007101256390811 
576 0.13297292506102284526 
577 0.25685051165613348445 
578 0.77422929471525403500 
579 1.03807345660282934752 
580 0.12911452949058116468 
581 0.12630471101373938470 
582 0.25804710591279611531 
583 0.12402273542451791588 
584 0.12710105211076758169 
585 0.12624772963103483847 
586 0.74529036000637094439 
587 0.26030488569429532930 
588 0.00000000000000000000 
589 0.24926596560491617871 
590 0.49952616241591801804 
591 0.37440799371220490066 
592 1.25768672668044678709 
593 0.78162423047599727255 
594 0.12488717733766502294 
595 0.25150043200902000295 
596 0.52533321755272988085 
597 0.37248627316188348546 
598 0.00000000000000000000 
599 0.12767158053718816180 
600 0.12371020075583008535 
601 0.36343019040407831266 
602 0.51045520140030686829 
603 0.62533306997090487567 
604 0.12752224748692495004 
605 0.87955950103011726338 
606 0.87966473132425360149 
607 0.76457061331690590045 
608 0.12349857896783909827 
609 0.60827713554809392793 
610 0.12405850945950694375 
611 0.99564773982570276001 
612 0.73651103457793609675 
613 0.36635700392580922147 
614 0.75303886047084978017 
615 0.00000000000000000000 
616 1.34457272979144093483 
617 0.00000000000000000000 
618 0.75376587279887885540 
619 0.12245588298958574869 
620 0.00000000000000000000 
621 0.36600832112738129753 
622 0.00000000000000000000 
623 0.00000000000000000000 
624 0.12312096688615629947 
625 0.36255030432120177730 
626 0.61855098769457139696 
627 1.07975555077213036803 
628 0.25032676302193390683 
629 0.12187080215391320193 
630 0.24339374828650650606 
631 0.48841710973362056913 
632 0.00000000000000000000 
633 0.48297007340233144568 
634 0.12419891225903602339 
635 0.23918295022489677315 
636 1.47241323014226144217 
637 0.75129910082790773984 
638 0.72718359787257458304 
639 0.35793275439612420863 
640 0.61493801750651355675 
641 0.63605205253185348457 
642 0.36234402388072373125 
643 0.12332358456518187351 
644 0.24532243615636722955 
645 0.00000000000000000000 
646 1.36785443464542022518 
647 0.61980654866879281162 
648 0.47777117498972049292 
649 0.36014168519149059033 
650 0.58111783981560760637 
651 0.36742858979829540189 
652 0.23746568677290449956 
653 1.54684890920220796673 
654 0.60219511954749560534 
655 0.23889691406518523409 
656 0.47059325579791316807 
657 0.36519634596029548756 
658 0.11712595450843672762 
659 0.48384210793458326538 
660 0.12038374836859623562 
661 0.11912583187858825917 
662 0.47648054252858906832 
663 0.12143836679592132088 
664 0.00000000000000000000 
665 0.69647379958334976191 
666 0.23648668526062954776 
667 0.36048107146958907610 
668 0.00000000000000000000 
669 0.47319976990529533101 
670 0.35691158500440067769 
671 0.23779670945389030923 
672 0.48434396008699975855 
673 0.11328532094330678870 
674 0.47256672532917426421 
675 0.11818435312119088265 
676 0.84343682154175159127 
677 0.58020338645500235675 
678 0.00000000000000000000 
679 0.47714940424086793591 
680 0.70501003938703898921 
681 0.59011868345531781621 
682 0.35644598994594306474 
683 0.48631280504979157442 
684 0.23745976519386005621 
685 0.24564026775342326370 
686 0.48429953389339108760 
687 0.22961891498706391013 
688 0.34265728450531413030 
689 0.62117694105903575874 
690 0.35181544028005246050 
691 0.11782712629314837094 
692 0.00000000000000000000 
693 0.35878489738775976026 
694 0.46658009297386554559 
695 0.23447819526990243411 
696 0.57817191818419910732 
697 0.79510472681119037652 
698 0.33525427767699195192 
699 0.47599003904819170430 
700 0.23744526390152512207 
701 0.22655698415055178230 
702 0.00000000000000000000 
703 0.22811070613523845574 
704 0.81617531257339470674 
705 0.58474245258796331282 
706 0.11499026565252006005 
707 0.45193745940543478268 
708 0.34281596816147968942 
709 0.00000000000000000000 
710 0.57603107357535943134 
711 0.70762883850292757071 
712 0.68432425958775622288 
713 0.69462703029665417986 
714 0.58038017859487012196 
715 0.23294734124179261592 
716 0.00000000000000000000 
717 0.46868169190912162270 
718 0.23548123349153859962 
719 0.78463168884470868569 
720 0.68086567978365486464 
721 0.66380269985850615111 
722 0.00000000000000000000 
723 0.92988221333630793897 
724 0.33842936988998173486 
725 0.56462520178146657912 
726 0.66847346596568935073 
727 1.49523503754957487466 
728 0.34992990167632492815 
729 0.22881486507692699872 
730 0.46587219426375597875 
731 0.34126486907967806816 
732 0.11751843864946504015 
733 1.34858948055520699860 
734 0.11722921662280920418 
735 1.02201819659111370342 
736 1.04844911835176257675 
737 0.11131386680515208132 
738 0.00000000000000000000 
739 0.22295304655486983259 
740 0.11408961125544002380 
741 0.22040148803570688840 
742 0.56361818038070843340 
743 0.00000000000000000000 
744 0.11197182761905116744 
745 0.33739337857894324824 
746 0.66922860524932004100 
747 0.78184249290982232861 
748 0.34716086234873294591 
749 0.11331656449005746146 
750 0.55765707745379144988 
751 0.67328116012483585351 
752 0.56924693122164304881 
753 0.22840315341859779297 
754 0.33804870317007729152 
755 0.43713913112867758270 
756 0.57636733217649482874 
757 0.44165122343394142002 
758 0.44364921130910478508 
759 0.44922139427457419281 
760 0.33733200468034746367 
761 0.33906723576765429584 
762 0.67586466017362833991 
763 0.11102634394210270097 
764 0.56604799106168146583 
765 0.79766746643563501973 
766 0.43969702945916172565 
767 0.43983859535562663812 
768 0.11155301008664623985 
769 0.43146921482959127436 
770 0.43337404835547055360 
771 0.00000000000000000000 
772 0.22864146270504606684 
773 0.21861439806071475411 
774 0.65170844210325362678 
775 0.66227753418906065708 
776 0.00000000000000000000 
777 0.00000000000000000000 
778 0.21879925505558378562 
779 0.21801583166245722123 
780 0.22025017709777264252 
781 0.22090875887720254345 
782 0.86458851226492616782 
783 0.77719945471148221827 
784 0.43929757698909915886 
785 0.65548508136356686826 
786 0.56136284757909094001 
787 0.21960037747914551431 
788 0.33406715915740164968 
789 0.11188480285833961314 
790 0.65855255022316638858 
791 0.65632985285831191291 
792 0.66664604343574429546 
793 0.00000000000000000000 
794 0.21544891038861432864 
795 1.50457398938495678919 
796 0.00000000000000000000 
797 0.22071113324226776520 
798 0.42703742836027364094 
799 0.11142102423034608294 
800 0.64601020160786248869 
801 0.65215351093619045031 
802 0.21340364176005904850 
803 0.43915993822903243160 
804 0.21598052249180627049 
805 0.21692897019769022404 
806 0.43295617322271151561 
807 0.88087621162662077534 
808 0.00000000000000000000 
809 0.64691458586110950346 
810 0.00000000000000000000 
811 0.00000000000000000000 
812 0.00000000000000000000 
813 0.44367607047781126850 
814 0.43611955187393725009 
815 0.89182837653578084236 
816 0.64082033410046390642 
817 0.00000000000000000000 
818 0.22014234125510112605 
819 1.05559792428011989252 
820 0.43913630915888851591 
821 0.21462829965696622603 
822 0.43202183309830166635 
823 0.84776790160040360611 
824 0.65143506469897016764 
825 0.64617001142786767431 
826 0.41813412503745700510 
827 0.42400142651400446470 
828 0.65057281515209131051 
829 0.22039339510671920874 
830 0.21465674797641817739 
831 0.21442607923798601144 
832 0.21593373703588450430 
833 0.21027578888973053051 
834 1.05039495056996523559 
835 0.42073005721334894025 
836 0.42902140481187162058 
837 0.00000000000000000000 
838 0.21144844935139101016 
839 0.42877338282737131880 
840 0.21221261051593998115 
841 1.04637498382599125613 
842 0.42525729327358730014 
843 0.21300251892062346815 
844 0.20367128767344810925 
845 0.21209155999240750234 
846 0.21095875360900723239 
847 1.22383628462121718528 
848 0.82642366266108091555 
849 0.83433353928083042739 
850 0.63731264304997936598 
851 0.42004140463375450043 
852 0.21446554233264361611 
853 0.64703832775120395659 
854 0.41946516345448414675 
855 0.21115237216601179249 
856 0.00000000000000000000 
857 1.02163523263132050012 
858 0.21035925816622838558 
859 0.20304811680722606448 
860 0.62244794300755290628 
861 0.00000000000000000000 
862 0.41922634389904656071 
863 0.42144365364532643259 
864 0.21231600254085683521 
865 0.00000000000000000000 
866 0.42523863772215064749 
867 1.04280688746256711141 
868 0.00000000000000000000 
869 0.20947024669835540012 
870 0.65150515898674976611 
871 0.41579560946172239300 
872 0.20764897392082784511 
873 0.20862493425094380539 
874 0.62653237424191510208 
875 0.21056414247610999446 
876 0.20521099090117136954 
877 0.20549148153406959771 
878 1.02578092174125279357 
879 0.41260800134536357309 
880 0.20969545106073197993 
881 0.21102753134809243418 
882 0.20546754218156901284 
883 0.41275937413148217070 
884 0.81896319133601880313 
885 0.62832269397578044412 
886 0.21025430370692838045 
887 1.00897234386731637912 
888 0.61963117134782319528 
889 0.82154977353233904491 
890 0.41863906210392526352 
891 0.00000000000000000000 
892 0.82755993269337835283 
893 0.60701475520085901305 
894 0.83473209908542145286 
895 0.40673980149119937089 
896 1.44961486207491274669 
897 0.20105156466935730775 
898 1.44214507624802434904 
899 0.62376520650325995021 
900 0.20451531649060866735 
901 0.82964504978029884885 
902 0.20551425915462021021 
903 0.61211004787964495844 
904 0.00000000000000000000 
905 0.40524588733171240662 
906 0.20365200951226486437 
907 0.80602095601030310235 
908 0.20138723946066697246 
909 0.41328767423801787695 
910 0.39997560964829875774 
911 0.60903118741039063977 
912 1.02081276292456535337 
913 0.61289909106666984329 
914 0.40960160646298277021 
915 0.20033216446305079916 
916 0.60937682430428319336 
917 0.81675277292200854085 
918 0.20136886648824789403 
919 0.20956296835557000624 
920 0.20614630843258807680 
921 0.00000000000000000000 
922 0.00000000000000000000 
923 0.40736930309205282574 
924 0.41059168930733680458 
925 1.00694612375811143323 
926 0.40927045481337986921 
927 0.20420456130912811865 
928 0.61449250359855511761 
929 0.79729853377614534615 
930 0.82125436312215882584 
931 0.20150899954744849740 
932 0.00000000000000000000 
933 0.00000000000000000000 
934 0.82700162330414017653 
935 1.00773954178137725712 
936 1.22314110567314804356 
937 0.81526644357630917437 
938 1.20391411875200216031 
939 1.00675246425402042938 
940 1.40657571390717217596 
941 0.99958427638307245644 
942 0.00000000000000000000 
943 0.39784315480479914839 
944 0.60780154895018168038 
945 0.80565008272040805615 
946 0.80206901637582039832 
947 0.39490460493689188981 
948 0.80392745384756969518 
949 0.40674152051351603054 
950 0.60046253467471755183 
951 0.60244154018660422967 
952 0.41061964701761982655 
953 1.19927695290548297358 
954 0.39802683266481814206 
955 0.19804378380079382116 
956 0.40375928994964493945 
957 0.60248328312621945990 
958 0.40474845615726856574 
959 0.78587884176222189136 
960 0.60695242018164652364 
961 0.59132119431422536238 
962 0.19929109063203814811 
963 0.00000000000000000000 
964 0.19894789439963955768 
965 0.60722002370170513608 
966 0.19875797780332304932 
967 1.20082107442623953197 
968 0.00000000000000000000 
969 0.20202589823789499079 
970 0.39728187066016129592 
971 0.38716108145763311610 
972 0.59447452077757756417 
973 0.39600004999432497632 
974 0.39230040420384937327 
975 0.40086319597188352359 
976 0.80051837481809362540 
977 0.59311781486195991331 
978 0.19756815229689245195 
979 1.94882028988523359203 
980 0.20223297096863637745 
981 0.19968468774451764158 
982 0.38925096041751916509 
983 0.97419935010052671753 
984 0.19906438130859169244 
985 0.98070179756103348367 
986 0.00000000000000000000 
987 0.96670782409177324901 
988 0.00000000000000000000 
989 0.60056836355428500074 
990 0.96662553567853048975 
991 0.39642810168680392424 
992 0.19424634908647031573 
993 0.19901562384588655785 
994 0.78382132695419970414 
995 0.19973687393886913055 
996 0.19339956359830826060 
997 1.20278757706888428380 
998 1.14247502563414915500 
999 0.79714957495972604828 
1000 1.16839255055796398253 
