10 20971520.00000000000000000000
11 23068672.00000000000000000000
12 25165824.00000000000000000000
13 27262976.00000000000000000000
14 29360128.00000000000000000000
15 31457280.00000000000000000000
16 33554432.00000000000000000000
17 35651584.00000000000000000000
18 37748736.00000000000000000000
19 31876710.39999999850988388062
20 33554432.00000000000000000000
21 22020096.00000000000000000000
22 36909875.20000000298023223877
23 48234496.00000000000000000000
24 50331648.00000000000000000000
25 52428800.00000000000000000000
26 54525952.00000000000000000000
27 56623104.00000000000000000000
28 58720256.00000000000000000000
29 60817408.00000000000000000000
30 62914560.00000000000000000000
31 28894094.22222222387790679932
32 67108864.00000000000000000000
33 69206016.00000000000000000000
34 31690296.88888888806104660034
35 73400320.00000000000000000000
36 75497472.00000000000000000000
37 77594624.00000000000000000000
38 39845888.00000000000000000000
39 65431142.39999999850988388062
40 67108864.00000000000000000000
41 85983232.00000000000000000000
42 88080384.00000000000000000000
43 40078904.88888888806104660034
44 92274688.00000000000000000000
45 94371840.00000000000000000000
46 77175193.59999999403953552246
47 98566144.00000000000000000000
48 100663296.00000000000000000000
49 82208358.40000000596046447754
50 46603377.77777777612209320068
51 106954752.00000000000000000000
52 54525952.00000000000000000000
53 111149056.00000000000000000000
54 56623104.00000000000000000000
55 115343360.00000000000000000000
56 52195783.11111111193895339966
57 119537664.00000000000000000000
58 54059918.22222222387790679932
59 123731968.00000000000000000000
60 125829120.00000000000000000000
61 127926272.00000000000000000000
62 57788188.44444444775581359863
63 132120576.00000000000000000000
64 67108864.00000000000000000000
65 136314880.00000000000000000000
66 61516458.66666666418313980103
67 140509184.00000000000000000000
68 142606336.00000000000000000000
69 144703488.00000000000000000000
70 146800640.00000000000000000000
71 148897792.00000000000000000000
72 75497472.00000000000000000000
73 153092096.00000000000000000000
74 68972999.11111110448837280273
75 125829120.00000000000000000000
76 70837134.22222222387790679932
77 161480704.00000000000000000000
78 81788928.00000000000000000000
79 73633336.88888889551162719727
80 134217728.00000000000000000000
81 169869312.00000000000000000000
82 85983232.00000000000000000000
83 87031808.00000000000000000000
84 88080384.00000000000000000000
85 89128960.00000000000000000000
86 90177536.00000000000000000000
87 91226112.00000000000000000000
88 184549376.00000000000000000000
89 82954012.44444444775581359863
90 94371840.00000000000000000000
91 190840832.00000000000000000000
92 96468992.00000000000000000000
93 86682282.66666667163372039795
94 87614350.22222222387790679932
95 99614720.00000000000000000000
96 100663296.00000000000000000000
97 90410552.88888889551162719727
98 14173854.89655172452330589294
99 207618048.00000000000000000000
100 93206755.55555555224418640137
101 105906176.00000000000000000000
102 106954752.00000000000000000000
103 216006656.00000000000000000000
104 96935025.77777777612209320068
105 220200960.00000000000000000000
106 222298112.00000000000000000000
107 99731228.44444444775581359863
108 113246208.00000000000000000000
109 114294784.00000000000000000000
110 115343360.00000000000000000000
111 103459498.66666667163372039795
112 117440512.00000000000000000000
113 118489088.00000000000000000000
114 239075328.00000000000000000000
115 6223805.93548387102782726288
116 243269632.00000000000000000000
117 122683392.00000000000000000000
118 123731968.00000000000000000000
119 124780544.00000000000000000000
120 111848106.66666667163372039795
121 126877696.00000000000000000000
122 113712241.77777777612209320068
123 128974848.00000000000000000000
124 130023424.00000000000000000000
125 131072000.00000000000000000000
126 117440512.00000000000000000000
127 133169152.00000000000000000000
128 134217728.00000000000000000000
129 120236714.66666667163372039795
130 136314880.00000000000000000000
131 137363456.00000000000000000000
132 138412032.00000000000000000000
133 123964984.88888889551162719727
134 124897052.44444444775581359863
135 141557760.00000000000000000000
136 142606336.00000000000000000000
137 143654912.00000000000000000000
138 96468992.00000000000000000000
139 145752064.00000000000000000000
140 146800640.00000000000000000000
141 131421525.33333332836627960205
142 99265194.66666667163372039795
143 133285660.44444444775581359863
144 150994944.00000000000000000000
145 135149795.55555555224418640137
146 94210520.61538460850715637207
147 137013930.66666665673255920410
148 155189248.00000000000000000000
149 138878065.77777779102325439453
150 96791630.76923076808452606201
151 140742200.88888889551162719727
152 141674268.44444444775581359863
153 160432128.00000000000000000000
154 99372740.92307692766189575195
155 162529280.00000000000000000000
156 145402538.66666665673255920410
157 164626432.00000000000000000000
158 147266673.77777779102325439453
159 166723584.00000000000000000000
160 111848106.66666667163372039795
161 168820736.00000000000000000000
162 150994944.00000000000000000000
163 105180238.76923076808452606201
164 152859079.11111110448837280273
165 153791146.66666665673255920410
166 154723214.22222220897674560547
167 175112192.00000000000000000000
168 176160768.00000000000000000000
169 177209344.00000000000000000000
170 158451484.44444444775581359863
171 110342459.07692307233810424805
172 180355072.00000000000000000000
173 181403648.00000000000000000000
174 162179754.66666665673255920410
175 122333866.66666667163372039795
176 184549376.00000000000000000000
177 164975957.33333334326744079590
178 186646528.00000000000000000000
179 187695104.00000000000000000000
180 116149956.92307692766189575195
181 189792256.00000000000000000000
182 169636295.11111110448837280273
183 127926272.00000000000000000000
184 171500430.22222220897674560547
185 172432497.77777779102325439453
186 120021622.15384615957736968994
187 174296632.88888889551162719727
188 175228700.44444444775581359863
189 198180864.00000000000000000000
190 199229440.00000000000000000000
191 123248009.84615384042263031006
192 178956970.66666665673255920410
193 134916778.66666665673255920410
194 203423744.00000000000000000000
195 204472320.00000000000000000000
196 182685240.88888889551162719727
197 183617308.44444444775581359863
198 184549376.00000000000000000000
199 139111082.66666665673255920410
200 209715200.00000000000000000000
201 210763776.00000000000000000000
202 130346062.76923076808452606201
203 130991340.30769230425357818604
204 142606336.00000000000000000000
205 191073848.88888889551162719727
206 216006656.00000000000000000000
207 217055232.00000000000000000000
208 145402538.66666665673255920410
209 219152384.00000000000000000000
210 195734186.66666665673255920410
211 147499690.66666665673255920410
212 222298112.00000000000000000000
213 198530389.33333334326744079590
214 199462456.88888889551162719727
215 138734670.76923078298568725586
216 150994944.00000000000000000000
217 140025225.84615385532379150391
218 152393045.33333334326744079590
219 153092096.00000000000000000000
220 153791146.66666665673255920410
221 205986929.77777779102325439453
222 206918997.33333334326744079590
223 143896891.07692307233810424805
224 156587349.33333334326744079590
225 145187446.15384614467620849609
226 157985450.66666665673255920410
227 158684501.33333334326744079590
228 239075328.00000000000000000000
229 240123904.00000000000000000000
230 160781653.33333334326744079590
231 149059111.38461539149284362793
232 149704388.92307692766189575195
233 244318208.00000000000000000000
234 163577856.00000000000000000000
235 151640221.53846153616905212402
236 219967943.11111110448837280273
237 165675008.00000000000000000000
238 153576054.15384614467620849609
239 167073109.33333334326744079590
240 167772160.00000000000000000000
241 155511886.76923078298568725586
242 156157164.30769231915473937988
243 156802441.84615385532379150391
244 255852544.00000000000000000000
245 158092996.92307692766189575195
246 171966464.00000000000000000000
247 172665514.66666665673255920410
248 160028829.53846153616905212402
249 261095424.00000000000000000000
250 161319384.61538460850715637207
251 161964662.15384614467620849609
252 162609939.69230768084526062012
253 176859818.66666665673255920410
254 177558869.33333334326744079590
255 164545772.30769231915473937988
256 165191049.84615385532379150391
257 165836327.38461539149284362793
258 166481604.92307692766189575195
259 167126882.46153846383094787598
260 167772160.00000000000000000000
261 182452224.00000000000000000000
262 183151274.66666665673255920410
263 169707992.61538460850715637207
264 184549376.00000000000000000000
265 185248426.66666665673255920410
266 185947477.33333334326744079590
267 172289102.76923078298568725586
268 172934380.30769231915473937988
269 188044629.33333334326744079590
270 188743680.00000000000000000000
271 174870212.92307692766189575195
272 175515490.46153846383094787598
273 176160768.00000000000000000000
274 176806045.53846153616905212402
275 192238933.33333334326744079590
276 178096600.61538460850715637207
277 178741878.15384614467620849609
278 179387155.69230768084526062012
279 195035136.00000000000000000000
280 180677710.76923078298568725586
281 181322988.30769231915473937988
282 139152203.29411765933036804199
283 197831338.66666665673255920410
284 183258820.92307692766189575195
285 199229440.00000000000000000000
286 199928490.66666665673255920410
287 185194653.53846153616905212402
288 185839931.07692307233810424805
289 186485208.61538460850715637207
290 202724693.33333334326744079590
291 152567808.00000000000000000000
292 144086678.58823528885841369629
293 189066318.76923078298568725586
294 189711596.30769231915473937988
295 190356873.84615385532379150391
296 191002151.38461539149284362793
297 146553916.23529410362243652344
298 208317098.66666665673255920410
299 209016149.33333334326744079590
300 209715200.00000000000000000000
301 210414250.66666665673255920410
302 194873816.61538460850715637207
303 211812352.00000000000000000000
304 212511402.66666665673255920410
305 196809649.23076921701431274414
306 213909504.00000000000000000000
307 214608554.66666665673255920410
308 151981839.05882352590560913086
309 152475286.58823528885841369629
310 200036036.92307692766189575195
311 153462181.64705881476402282715
312 163577856.00000000000000000000
313 201971869.53846153616905212402
314 219501909.33333334326744079590
315 203262424.61538460850715637207
316 203907702.15384614467620849609
317 221599061.33333334326744079590
318 222298112.00000000000000000000
319 157409761.88235294818878173828
320 157903209.41176471114158630371
321 158396656.94117647409439086914
322 207779367.38461539149284362793
323 208424644.92307692766189575195
324 159876999.52941176295280456543
325 227191466.66666665673255920410
326 227890517.33333334326744079590
327 228589568.00000000000000000000
328 161850789.64705881476402282715
329 212296310.15384614467620849609
330 162837684.70588234066963195801
331 231385770.66666665673255920410
332 174063616.00000000000000000000
333 164318027.29411765933036804199
334 164811474.82352942228317260742
335 234181973.33333334326744079590
336 216813252.92307692766189575195
337 217458530.46153846383094787598
338 236279125.33333334326744079590
339 218749085.53846153616905212402
340 219394363.07692307233810424805
341 238376277.33333334326744079590
342 168759055.05882352590560913086
343 221330195.69230768084526062012
344 180355072.00000000000000000000
345 170239397.64705881476402282715
346 170732845.17647057771682739258
347 171226292.70588234066963195801
348 182452224.00000000000000000000
349 182976512.00000000000000000000
350 244667733.33333334326744079590
351 245366784.00000000000000000000
352 227137693.53846153616905212402
353 174186977.88235294818878173828
354 174680425.41176471114158630371
355 175173872.94117647409439086914
356 248862037.33333334326744079590
357 176160768.00000000000000000000
358 231009358.76923078298568725586
359 177147663.05882352590560913086
360 232299913.84615385532379150391
361 178134558.11764705181121826172
362 178628005.64705881476402282715
363 179121453.17647057771682739258
364 254454442.66666665673255920410
365 235526301.53846153616905212402
366 180601795.76470589637756347656
367 236816856.61538460850715637207
368 257250645.33333334326744079590
369 238107411.69230768084526062012
370 238752689.23076921701431274414
371 183069033.41176471114158630371
372 240043244.30769231915473937988
373 195559424.00000000000000000000
374 261444949.33333334326744079590
375 185042823.52941176295280456543
376 185536271.05882352590560913086
377 186029718.58823528885841369629
378 198180864.00000000000000000000
379 198705152.00000000000000000000
380 187510061.17647057771682739258
381 188003508.70588234066963195801
382 200278016.00000000000000000000
383 188990403.76470589637756347656
384 189483851.29411765933036804199
385 269134506.66666668653488159180
386 190470746.35294118523597717285
387 249722407.38461539149284362793
388 191457641.41176471114158630371
389 203948032.00000000000000000000
390 192444536.47058823704719543457
391 192937984.00000000000000000000
392 193431431.52941176295280456543
393 206045184.00000000000000000000
394 194418326.58823528885841369629
395 194911774.11764705181121826172
396 195405221.64705881476402282715
397 195898669.17647057771682739258
398 196392116.70588234066963195801
399 196885564.23529410362243652344
400 197379011.76470589637756347656
401 210239488.00000000000000000000
402 198365906.82352942228317260742
403 211288064.00000000000000000000
404 211812352.00000000000000000000
405 199846249.41176471114158630371
406 200339696.94117647409439086914
407 213385216.00000000000000000000
408 201326592.00000000000000000000
409 201820039.52941176295280456543
410 202313487.05882352590560913086
411 202806934.58823528885841369629
412 216006656.00000000000000000000
413 203793829.64705881476402282715
414 165375414.85714286565780639648
415 204780724.70588234066963195801
416 166174329.90476191043853759766
417 218628096.00000000000000000000
418 166973244.95238095521926879883
419 206754514.82352942228317260742
420 207247962.35294118523597717285
421 207741409.88235294818878173828
422 208234857.41176471114158630371
423 208728304.94117647409439086914
424 222298112.00000000000000000000
425 209715200.00000000000000000000
426 210208647.52941176295280456543
427 210702095.05882352590560913086
428 211195542.58823528885841369629
429 211688990.11764705181121826172
430 225443840.00000000000000000000
431 212675885.17647057771682739258
432 226492416.00000000000000000000
433 172965107.80952382087707519531
434 173364565.33333334326744079590
435 228065280.00000000000000000000
436 228589568.00000000000000000000
437 174562937.90476191043853759766
438 216130017.88235294818878173828
439 216623465.41176471114158630371
440 217116912.94117647409439086914
441 217610360.47058823704719543457
442 218103808.00000000000000000000
443 176959683.04761904478073120117
444 219090703.05882352590560913086
445 177758598.09523808956146240234
446 220077598.11764705181121826172
447 178557513.14285713434219360352
448 178956970.66666665673255920410
449 179356428.19047617912292480469
450 222051388.23529410362243652344
451 236453888.00000000000000000000
452 223038283.29411765933036804199
453 237502464.00000000000000000000
454 224025178.35294118523597717285
455 181753173.33333334326744079590
456 225012073.41176471114158630371
457 225505520.94117647409439086914
458 225998968.47058823704719543457
459 183351003.42857143282890319824
460 241172480.00000000000000000000
461 184149918.47619047760963439941
462 184549376.00000000000000000000
463 184948833.52380952239036560059
464 185348291.04761904478073120117
465 185747748.57142856717109680176
466 229946548.70588234066963195801
467 186546663.61904761195182800293
468 186946121.14285713434219360352
469 46836394.66666666418313980103
470 187745036.19047617912292480469
471 188144493.71428570151329040527
472 188543951.23809522390365600586
473 233400681.41176471114158630371
474 189342866.28571429848670959473
475 189742323.80952382087707519531
476 190141781.33333334326744079590
477 250085376.00000000000000000000
478 235867919.05882352590560913086
479 236361366.58823528885841369629
480 236854814.11764705181121826172
481 192139068.95238095521926879883
482 50541363.20000000298023223877
483 238335156.70588234066963195801
484 193337441.52380952239036560059
485 193736899.04761904478073120117
486 194136356.57142856717109680176
487 240308946.82352942228317260742
488 194935271.61904761195182800293
489 195334729.14285713434219360352
490 241789289.41176471114158630371
491 196133644.19047617912292480469
492 196533101.71428570151329040527
493 243269632.00000000000000000000
494 197332016.76190477609634399414
495 197731474.28571429848670959473
496 198130931.80952382087707519531
497 198530389.33333334326744079590
498 198929846.85714286565780639648
499 199329304.38095238804817199707
500 199728761.90476191043853759766
501 200128219.42857143282890319824
502 200527676.95238095521926879883
503 200927134.47619047760963439941
504 201326592.00000000000000000000
505 201726049.52380952239036560059
506 202125507.04761904478073120117
507 202524964.57142856717109680176
508 266338304.00000000000000000000
509 203323879.61904761195182800293
510 203723337.14285713434219360352
511 204122794.66666665673255920410
512 204522252.19047617912292480469
513 204921709.71428570151329040527
514 205321167.23809522390365600586
515 205720624.76190477609634399414
516 254618925.17647057771682739258
517 206519539.80952382087707519531
518 206918997.33333334326744079590
519 207318454.85714286565780639648
520 207717912.38095238804817199707
521 208117369.90476191043853759766
522 208516827.42857143282890319824
523 208916284.95238095521926879883
524 209315742.47619047760963439941
525 209715200.00000000000000000000
526 210114657.52380952239036560059
527 210514115.04761904478073120117
528 210913572.57142856717109680176
529 211313030.09523808956146240234
530 170998547.69230768084526062012
531 212111945.14285713434219360352
532 212511402.66666665673255920410
533 212910860.19047617912292480469
534 213310317.71428570151329040527
535 213709775.23809522390365600586
536 214109232.76190477609634399414
537 214508690.28571429848670959473
538 214908147.80952382087707519531
539 215307605.33333334326744079590
540 215707062.85714286565780639648
541 181529477.12000000476837158203
542 216505977.90476191043853759766
543 227750707.19999998807907104492
544 217304892.95238095521926879883
545 217704350.47619047760963439941
546 183207198.71999999880790710449
547 218503265.52380952239036560059
548 229847859.19999998807907104492
549 219302180.57142856717109680176
550 219701638.09523808956146240234
551 220101095.61904761195182800293
552 220500553.14285713434219360352
553 220900010.66666665673255920410
554 221299468.19047617912292480469
555 221698925.71428570151329040527
556 222098383.23809522390365600586
557 222497840.76190477609634399414
558 222897298.28571429848670959473
559 187569274.87999999523162841797
560 223696213.33333334326744079590
561 224095670.85714286565780639648
562 224495128.38095238804817199707
563 224894585.90476191043853759766
564 225294043.42857143282890319824
565 189582540.80000001192092895508
566 226092958.47619047760963439941
567 226492416.00000000000000000000
568 190589173.75999999046325683594
569 227291331.04761904478073120117
570 227690788.57142856717109680176
571 191595806.71999999880790710449
572 228489703.61904761195182800293
573 228889161.14285713434219360352
574 192602439.68000000715255737305
575 229688076.19047617912292480469
576 185839931.07692307233810424805
577 193609072.63999998569488525391
578 230886448.76190477609634399414
579 231285906.28571429848670959473
580 231685363.80952382087707519531
581 194951249.91999998688697814941
582 232484278.85714286565780639648
583 195622338.56000000238418579102
584 188421041.23076921701431274414
585 233682651.42857143282890319824
586 234082108.95238095521926879883
587 234481566.47619047760963439941
588 234881024.00000000000000000000
589 197635604.47999998927116394043
590 235679939.04761904478073120117
591 236079396.57142856717109680176
592 198642237.43999999761581420898
593 236878311.61904761195182800293
594 237277769.14285713434219360352
595 199648870.40000000596046447754
596 238076684.19047617912292480469
597 200319959.03999999165534973145
598 200655503.36000001430511474609
599 200991047.68000000715255737305
600 201326592.00000000000000000000
601 193905900.30769231915473937988
602 201997680.63999998569488525391
603 202333224.96000000834465026855
604 241272344.38095238804817199707
605 203004313.59999999403953552246
606 195519094.15384614467620849609
607 203675402.24000000953674316406
608 204010946.56000000238418579102
609 204346490.87999999523162841797
610 204682035.19999998807907104492
611 244068547.04761904478073120117
612 205353123.84000000357627868652
613 205688668.15999999642372131348
614 206024212.47999998927116394043
615 206359756.80000001192092895508
616 206695301.12000000476837158203
617 246465292.19047617912292480469
618 207366389.75999999046325683594
619 69233978.02666667103767395020
620 200036036.92307692766189575195
621 208373022.71999999880790710449
622 200681314.46153846383094787598
623 209044111.36000001430511474609
624 249261494.85714286565780639648
625 209715200.00000000000000000000
626 210050744.31999999284744262695
627 250459867.42857143282890319824
628 250859324.95238095521926879883
629 59959482.18181817978620529175
630 203262424.61538460850715637207
631 203585063.38461539149284362793
632 203907702.15384614467620849609
633 212399554.56000000238418579102
634 212735098.87999999523162841797
635 213070643.19999998807907104492
636 213406187.52000001072883605957
637 205520896.00000000000000000000
638 214077276.15999999642372131348
639 255253357.71428570151329040527
640 206488812.30769231915473937988
641 74681912.88888889551162719727
642 256451730.28571429848670959473
643 215754997.75999999046325683594
644 72030180.69333332777023315430
645 216426086.40000000596046447754
646 216761630.71999999880790710449
647 217097175.03999999165534973145
648 217432719.36000001430511474609
649 217768263.68000000715255737305
650 218103808.00000000000000000000
651 218439352.31999999284744262695
652 210360477.53846153616905212402
653 219110440.96000000834465026855
654 219445985.28000000119209289551
655 219781529.59999999403953552246
656 220117073.91999998688697814941
657 220452618.24000000953674316406
658 220788162.56000000238418579102
659 221123706.87999999523162841797
660 221459251.19999998807907104492
661 221794795.52000001072883605957
662 222130339.84000000357627868652
663 213909504.00000000000000000000
664 222801428.47999998927116394043
665 223136972.80000001192092895508
666 223472517.12000000476837158203
667 223808061.43999999761581420898
668 224143605.75999999046325683594
669 224479150.08000001311302185059
670 224814694.40000000596046447754
671 225150238.71999999880790710449
672 216813252.92307692766189575195
673 217135891.69230768084526062012
674 194962820.41379311680793762207
675 226492416.00000000000000000000
676 218103808.00000000000000000000
677 227163504.63999998569488525391
678 227499048.96000000834465026855
679 219071724.30769231915473937988
680 190141781.33333334326744079590
681 219717001.84615385532379150391
682 228841226.24000000953674316406
683 229176770.56000000238418579102
684 229512314.87999999523162841797
685 229847859.19999998807907104492
686 230183403.52000001072883605957
687 221652834.46153846383094787598
688 230854492.15999999642372131348
689 222298112.00000000000000000000
690 192937984.00000000000000000000
691 231861125.12000000476837158203
692 232196669.43999999761581420898
693 232532213.75999999046325683594
694 232867758.08000001311302185059
695 194336085.33333334326744079590
696 77846282.23999999463558197021
697 201615854.34482759237289428711
698 234209935.36000001430511474609
699 225524499.69230768084526062012
700 234881024.00000000000000000000
701 202772903.72413793206214904785
702 203062166.06896552443504333496
703 226815054.76923078298568725586
704 203640690.75862067937850952148
705 197132288.00000000000000000000
706 197411908.26666668057441711426
707 237229834.24000000953674316406
708 237565378.56000000238418579102
709 205087002.48275861144065856934
710 238236467.19999998807907104492
711 238572011.52000001072883605957
712 284413756.95238095521926879883
713 239243100.15999999642372131348
714 239578644.47999998927116394043
715 239914188.80000001192092895508
716 240249733.12000000476837158203
717 286411044.57142859697341918945
718 240920821.75999999046325683594
719 241256366.08000001311302185059
720 287609417.14285713434219360352
721 232622552.61538460850715637207
722 242262999.03999999165534973145
723 288807789.71428573131561279297
724 289207247.23809522390365600586
725 289606704.76190477609634399414
726 290006162.28571426868438720703
727 290405619.80952382087707519531
728 244276264.96000000834465026855
729 244611809.28000000119209289551
730 244947353.59999999403953552246
731 245282897.91999998688697814941
732 292402907.42857140302658081055
733 245953986.56000000238418579102
734 246289530.87999999523162841797
735 293601280.00000000000000000000
736 237462134.15384614467620849609
737 247296163.84000000357627868652
738 247631708.15999999642372131348
739 247967252.47999998927116394043
740 248302796.80000001192092895508
741 248638341.12000000476837158203
742 248973885.43999999761581420898
743 249309429.75999999046325683594
744 249644974.08000001311302185059
745 249980518.40000000596046447754
746 250316062.71999999880790710449
747 250651607.03999999165534973145
748 250987151.36000001430511474609
749 241656438.15384614467620849609
750 251658240.00000000000000000000
751 251993784.31999999284744262695
752 252329328.63999998569488525391
753 252664872.96000000834465026855
754 210833681.06666666269302368164
755 211113301.33333334326744079590
756 211392921.59999999403953552246
757 254007050.24000000953674316406
758 219260857.37931033968925476074
759 219550119.72413793206214904785
760 219839382.06896552443504333496
761 220128644.41379311680793762207
762 220417906.75862067937850952148
763 220707169.10344827175140380859
764 213629883.73333331942558288574
765 221285693.79310345649719238281
766 221574956.13793104887008666992
767 214468744.53333333134651184082
768 222153480.82758620381355285645
769 222442743.17241379618644714355
770 222732005.51724138855934143066
771 223021267.86206895112991333008
772 215866845.86666667461395263672
773 216146466.13333332538604736328
774 73781620.36363635957241058350
775 224178317.24137932062149047852
776 224467579.58620688319206237793
777 217264947.19999998807907104492
778 225046104.27586206793785095215
779 217824187.73333331942558288574
780 218103808.00000000000000000000
781 225913891.31034481525421142578
782 226203153.65517240762710571289
783 226492416.00000000000000000000
784 226781678.34482759237289428711
785 227070940.68965518474578857422
786 227360203.03448274731636047363
787 227649465.37931033968925476074
788 227938727.72413793206214904785
789 228227990.06896552443504333496
790 228517252.41379311680793762207
791 221179630.93333333730697631836
792 229095777.10344827175140380859
793 229385039.44827586412429809570
794 222018491.73333331942558288574
795 229963564.13793104887008666992
796 230252826.48275861144065856934
797 222857352.53333333134651184082
798 230831351.17241379618644714355
799 223416593.06666666269302368164
800 197379011.76470589637756347656
801 231699138.20689654350280761719
802 231988400.55172413587570190430
803 224535074.13333332538604736328
804 232566925.24137932062149047852
805 232856187.58620688319206237793
806 204885395.39393940567970275879
807 233434712.27586206793785095215
808 225933175.46666666865348815918
809 226212795.73333331942558288574
810 234302499.31034481525421142578
811 200092973.17647057771682739258
812 234881024.00000000000000000000
813 235170286.34482759237289428711
814 235459548.68965518474578857422
815 235748811.03448274731636047363
816 228170137.59999999403953552246
817 228449757.86666667461395263672
818 207935798.30303031206130981445
819 202066763.29411765933036804199
820 237195122.75862067937850952148
821 237484385.10344827175140380859
822 237773647.44827586412429809570
823 203053658.35294118523597717285
824 230407099.73333331942558288574
825 238641434.48275861144065856934
826 209969400.24242424964904785156
827 239219959.17241379618644714355
828 204287277.17647057771682739258
829 239798483.86206895112991333008
830 204780724.70588234066963195801
831 232364441.59999999403953552246
832 240666270.89655172824859619141
833 205520896.00000000000000000000
834 241244795.58620688319206237793
835 212257202.42424243688583374023
836 241823320.27586206793785095215
837 206507791.05882352590560913086
838 234321783.46666666865348815918
839 234601403.73333331942558288574
840 234881024.00000000000000000000
841 207494686.11764705181121826172
842 235440264.53333333134651184082
843 243848156.68965518474578857422
844 244137419.03448274731636047363
845 283534950.39999997615814208984
846 236558745.59999999403953552246
847 245005206.06896552443504333496
848 245294468.41379311680793762207
849 245583730.75862067937850952148
850 237677226.66666665673255920410
851 237956846.93333333730697631836
852 246451517.79310345649719238281
853 246740780.13793104887008666992
854 247030042.48275861144065856934
855 247319304.82758620381355285645
856 239354948.26666668057441711426
857 247897829.51724138855934143066
858 239914188.80000001192092895508
859 240193809.06666666269302368164
860 288568115.19999998807907104492
861 249054878.89655172824859619141
862 249344141.24137932062149047852
863 241312290.13333332538604736328
864 241591910.40000000596046447754
865 250211928.27586206793785095215
866 279405174.15384614467620849609
867 250790452.96551725268363952637
868 242710391.46666666865348815918
869 242990011.73333331942558288574
870 243269632.00000000000000000000
871 251947502.34482759237289428711
872 252236764.68965518474578857422
873 252526027.03448274731636047363
874 252815289.37931033968925476074
875 244667733.33333334326744079590
876 244947353.59999999403953552246
877 245226973.86666667461395263672
878 294607912.95999997854232788086
879 245786214.40000000596046447754
880 254550863.44827586412429809570
881 246345454.93333333730697631836
882 255129388.13793104887008666992
883 255418650.48275861144065856934
884 224713014.30303031206130981445
885 224967214.54545453190803527832
886 218597255.52941176295280456543
887 218843979.29411765933036804199
888 256864962.20689654350280761719
889 225984015.51515150070190429688
890 219584150.58823528885841369629
891 257732749.24137932062149047852
892 258022011.58620688319206237793
893 220324321.88235294818878173828
894 220571045.64705881476402282715
895 227509216.96969696879386901855
896 221064493.17647057771682739258
897 228017617.45454546809196472168
898 259757585.65517240762710571289
899 228526017.93939393758773803711
900 222051388.23529410362243652344
901 222298112.00000000000000000000
902 222544835.76470589637756347656
903 229542818.90909090638160705566
904 223038283.29411765933036804199
905 223285007.05882352590560913086
906 230305419.63636362552642822266
907 223778454.58823528885841369629
908 262650209.10344827175140380859
909 224271902.11764705181121826172
910 231322220.60606059432029724121
911 254734062.93333333730697631836
912 231830621.09090909361839294434
913 225258797.17647057771682739258
914 232339021.57575756311416625977
915 225752244.70588234066963195801
916 225998968.47058823704719543457
917 233101622.30303031206130981445
918 233355822.54545453190803527832
919 233610022.78787878155708312988
920 226985863.52941176295280456543
921 227232587.29411765933036804199
922 227479311.05882352590560913086
923 227726034.82352942228317260742
924 227972758.58823528885841369629
925 228219482.35294118523597717285
926 235389424.48484849929809570312
927 228712929.88235294818878173828
928 228959653.64705881476402282715
929 229206377.41176471114158630371
930 229453101.17647057771682739258
931 236660425.69696968793869018555
932 229946548.70588234066963195801
933 230193272.47058823704719543457
934 206183154.52631577849388122559
935 230686720.00000000000000000000
936 230933443.76470589637756347656
937 212435829.62162160873413085938
938 231426891.29411765933036804199
939 238694027.63636362552642822266
940 231920338.82352942228317260742
941 213342706.16216215491294860840
942 232413786.35294118523597717285
943 232660510.11764705181121826172
944 239965028.84848484396934509277
945 233153957.64705881476402282715
946 233400681.41176471114158630371
947 233647405.17647057771682739258
948 240981829.81818181276321411133
949 85599881.63440860807895660400
950 241490230.30303031206130981445
951 209935952.84210526943206787109
952 210156705.68421053886413574219
953 210377458.52631577849388122559
954 210598211.36842104792594909668
955 242761231.51515150070190429688
956 235867919.05882352590560913086
957 211260469.89473685622215270996
958 236361366.58823528885841369629
959 236608090.35294118523597717285
960 244032232.72727271914482116699
961 212143481.26315790414810180664
962 212364234.10526314377784729004
963 212584986.94736841320991516113
964 237841709.17647057771682739258
965 213026492.63157895207405090332
966 238335156.70588234066963195801
967 245811634.42424243688583374023
968 219464122.81081080436706542969
969 213909504.00000000000000000000
970 214130256.84210526943206787109
971 239568775.52941176295280456543
972 214571762.52631577849388122559
973 214792515.36842104792594909668
974 240308946.82352942228317260742
975 240555670.58823528885841369629
976 248099436.60606059432029724121
977 241049118.11764705181121826172
978 248607837.09090909361839294434
979 248862037.33333334326744079590
980 216337785.26315790414810180664
981 249370437.81818181276321411133
982 242282736.94117647409439086914
983 217000043.78947368264198303223
984 242776184.47058823704719543457
985 250387238.78787878155708312988
986 223545067.24324324727058410645
987 223771786.37837839126586914062
988 243763079.52941176295280456543
989 218324560.84210526943206787109
990 244256527.05882352590560913086
991 224678662.91891890764236450195
992 218986819.36842104792594909668
993 219207572.21052631735801696777
994 225358820.32432430982589721680
995 252929241.21212121844291687012
996 219869830.73684209585189819336
997 245983593.41176471114158630371
998 90998160.69565217196941375732
999 220532089.26315790414810180664
1000 246723764.70588234066963195801
