10 0.14273549943879032531 
30 0.12577673330787131345 
50 0.12198113695301673887 
70 0.16904367154566299347 
90 0.14211639626447625240 
110 0.11870554447377584806 
130 0.14715149421736098412 
150 0.16976572274908210969 
170 0.14647321674094229693 
190 0.13771061297583778171 
210 0.11844855613217836199 
230 0.12087190499922799425 
250 0.16497163494084782220 
270 0.18146501578225554541 
290 0.16649089135239969472 
310 0.15148779371551446271 
330 0.14026933698534804762 
350 0.13076051083456888269 
370 0.13239319833495069578 
390 0.13007301183347647067 
410 0.12034855668277637253 
430 0.12358201144947716932 
450 0.11324378563238934881 
470 0.11990750926790005870 
490 0.12565389428616030587 
510 0.15644838329986676673 
530 0.16296125022381438563 
550 0.17417088332403693474 
570 0.16470911126301629457 
590 0.15900894379536281709 
610 0.16907213713439953051 
630 0.15462991170350812165 
650 0.14300839338693782654 
670 0.14933910181320805832 
690 0.13611547904136295228 
710 0.14479271069239718628 
730 0.13428486377134918328 
750 0.13434287536155622989 
770 0.13038300683587547568 
790 0.12680678614751483835 
810 0.12616213866738412719 
830 0.12221481572110530489 
850 0.12533999332382403380 
870 0.11723897819692245814 
890 0.11677872440249852104 
910 0.11767658411974848964 
930 0.11724681643432353917 
950 0.11065788207190378756 
970 0.11171349330508170694 
990 0.10899674904718259505 
