10 209715200.000000
30 359511771.428571
50 332881269.841270
70 326223644.444444
90 329843324.271845
110 319189172.327044
130 319296115.315315
150 325982176.165803
170 328496979.945799
190 325272555.102041
210 318637048.062016
230 329686005.349183
250 329740880.503145
270 328426167.132116
290 329818575.409070
310 324143638.439887
330 326490139.814153
350 338919683.377309
370 329526667.202296
390 332874322.149752
410 329622488.265545
430 332915565.400301
450 329779289.458358
470 327450699.275490
490 327763186.460537
510 327167032.658570
530 327590711.413875
550 327722319.514400
570 325583411.683192
590 325646754.187577
610 331042638.328561
630 327185388.679245
650 328013593.706617
670 338424205.194572
690 326879707.709936
710 324709920.356293
730 326918912.037443
750 330017624.842635
770 327297031.008160
790 328316208.002007
810 328210728.654064
830 328123555.030661
850 330287154.223433
870 103727004.430504
890 331072067.603388
910 327053026.591337
930 329352537.981751
950 329433824.463687
970 329101499.695618
990 332175455.569472
