10 0.11821994733454199711 
20 0.13857257743910200709 
30 0.16455313592045714421 
40 0.19106238354988139272 
50 0.19942325412614927971 
60 0.24657338634553346846 
70 0.25504687259359265505 
80 0.27418973116979500348 
90 0.27709794594450487537 
100 0.27619648853035694280 
110 0.27644009141058412116 
120 0.25795698149429091561 
130 0.27897705650707160796 
140 0.31396004801729227029 
150 0.33520991069234923332 
160 0.34683944062746369097 
170 0.33093517177401360341 
180 0.34072996840329333734 
190 0.33869307179343649539 
200 0.34339346605606096974 
250 0.34215704091390153341 
300 0.43262238221736309951 
350 0.44027265045880481509 
400 0.43958799880763754775 
